1695	2010-08-22T00:01:41Z	32.9215059833	-97.0688868667	688674
267	2010-08-22T00:01:46Z	30.264964	-97.750428	1577732
23198	2010-08-22T00:01:46Z	47.6125861107	-122.352193594	207348
3384	2010-08-22T00:01:50Z	44.9160973914	-93.2779240196	802170
44322	2010-08-22T00:01:53Z	33.1533245667	-96.8393208833	808958
10837	2010-08-22T00:01:55Z	30.26116055	-97.6978865333	42694
10727	2010-08-22T00:01:57Z	29.7643200833	-95.4007021333	655425
34027	2010-08-22T00:02:01Z	40.7757236918	-73.9717841148	12345
4076	2010-08-22T00:02:06Z	30.264964	-97.750428	1577732
3384	2010-08-22T00:02:07Z	44.9156447	-93.27027922	361181
41434	2010-08-22T00:02:08Z	38.7839289	-77.0168812667	277360
68037	2010-08-22T00:02:09Z	59.913945405	10.74338978	1563614
10375	2010-08-22T00:02:13Z	33.0400981698	-96.7060697079	86282
95263	2010-08-22T00:02:13Z	45.5178516811	-73.578889186	1726226
154293	2010-08-22T00:02:16Z	34.0668287807	-118.3841338189	209076
28495	2010-08-22T00:02:20Z	30.295243905	-97.7842721343	27281
1695	2010-08-22T00:02:24Z	32.924984717	-97.076355567	1251385
49773	2010-08-22T00:02:25Z	41.483433661	-81.767791957	1361179
39370	2010-08-22T00:02:26Z	21.3597641368	-157.9618763924	529560
58691	2010-08-22T00:02:28Z	37.8217465333	-122.2607885667	199468
30797	2010-08-22T00:02:29Z	41.1491634424	-8.6148894435	705113
3384	2010-08-22T00:02:30Z	44.928706122	-93.2763826847	987729
29853	2010-08-22T00:02:33Z	32.8217858063	-117.2244858742	441067
45202	2010-08-22T00:02:33Z	51.4313571818	7.0046746731	659477
34027	2010-08-22T00:02:34Z	40.7750859041	-73.9687532187	12171
61509	2010-08-22T00:02:37Z	29.4251235031	-98.4996092319	201111
106785	2010-08-22T00:02:41Z	38.6369352833	-121.5059309833	303327
1695	2010-08-22T00:02:48Z	32.9245647119	-97.076113866	1214894
65906	2010-08-22T00:02:50Z	40.204462409	-74.0106976032	1418064
158822	2010-08-22T00:02:52Z	34.05942928	-118.41762351	642534
85876	2010-08-22T00:02:54Z	44.0496823167	-123.0849871667	1204644
933	2010-08-22T00:02:55Z	51.2014115857	4.4231235981	1051151
1400	2010-08-22T00:02:57Z	59.3311433833	18.0771146833	112359
11882	2010-08-22T00:03:01Z	37.7501035143	-122.4203646183	59539
34027	2010-08-22T00:03:03Z	40.7742937388	-73.9708399773	12174
1695	2010-08-22T00:03:05Z	32.9244976333	-97.0771724833	73628
111512	2010-08-22T00:03:06Z	28.5584253167	-81.2658354667	308628
540	2010-08-22T00:03:08Z	35.9435642667	-78.5576045667	29513
26010	2010-08-22T00:03:09Z	33.6917185496	-117.8928923607	38959
152218	2010-08-22T00:03:09Z	49.995644733	8.577100733	1573116
170220	2010-08-22T00:03:09Z	61.118269983	10.463435067	2235337
38622	2010-08-22T00:03:10Z	30.413160483	-88.8277691	1414020
728	2010-08-22T00:03:13Z	39.7104178333	-104.9387662333	873085
439	2010-08-22T00:03:14Z	26.244712802	-80.254958984	2235351
155415	2010-08-22T00:03:16Z	33.9960229397	-81.2253624201	1110448
1695	2010-08-22T00:03:20Z	32.9240403833	-97.0762336	553517
2967	2010-08-22T00:03:20Z	49.2684801258	-123.118506074	102142
11015	2010-08-22T00:03:22Z	30.26230215	-97.7614974833	14242
46034	2010-08-22T00:03:24Z	58.4117052524	15.6192970276	315367
728	2010-08-22T00:03:26Z	39.7107721167	-104.9402630333	285607
2967	2010-08-22T00:03:27Z	49.2687426524	-123.1195950508	102133
5712	2010-08-22T00:03:31Z	29.428799703	-97.170862482	2235239
122809	2010-08-22T00:03:32Z	37.751283184	-122.41387981	2204225
13059	2010-08-22T00:03:36Z	34.1061011	-118.1344261167	75712
34027	2010-08-22T00:03:36Z	40.7698736895	-73.9752173424	12349
2967	2010-08-22T00:03:36Z	49.26754965	-123.1192599	102128
105943	2010-08-22T00:03:40Z	29.7380355435	-95.5032277107	57790
1695	2010-08-22T00:03:41Z	32.9262516157	-97.0783231128	998074
121775	2010-08-22T00:03:43Z	33.6559120833	-111.9267828833	353185
22610	2010-08-22T00:03:45Z	37.1827130667	-93.2232883667	595678
118482	2010-08-22T00:03:47Z	36.0805634032	-115.0382065773	132950
41646	2010-08-22T00:03:48Z	21.2903640243	-157.8437626362	86026
71136	2010-08-22T00:03:51Z	39.9564234033	-105.1739859581	370482
46712	2010-08-22T00:03:51Z	41.46668118	-81.53707045	2235421
39831	2010-08-22T00:03:56Z	30.4589939	-97.79158115	11086
1695	2010-08-22T00:03:56Z	32.926113728	-97.0784257093	1212856
2252	2010-08-22T00:03:57Z	35.969159033	-86.808751344	2235407
22087	2010-08-22T00:03:59Z	37.7079916833	-97.2021415167	354908
728	2010-08-22T00:04:01Z	39.705271725	-104.9398612976	1105330
55206	2010-08-22T00:04:02Z	47.6212906837	-122.3509168625	936895
1400	2010-08-22T00:04:04Z	59.3295994826	18.075428009	84477
54494	2010-08-22T00:04:05Z	38.8909284427	-77.0479881763	9193
107111	2010-08-22T00:04:07Z	57.69946789	11.94224768	320198
24902	2010-08-22T00:04:09Z	33.19706275	-96.6156853833	24063
20644	2010-08-22T00:04:12Z	27.593722783	-99.480124083	2235463
1442	2010-08-22T00:04:14Z	28.5549091667	-81.2002654	109895
1695	2010-08-22T00:04:14Z	32.9266668	-97.0786702667	629514
191471	2010-08-22T00:04:15Z	39.001915895	-76.90664121	1977435
34027	2010-08-22T00:04:16Z	40.7724087538	-73.971580267	12175
24894	2010-08-22T00:04:22Z	33.306331517	-111.860194167	2235449
69617	2010-08-22T00:04:24Z	32.798542067	-96.8074433	1297486
3155	2010-08-22T00:04:26Z	30.4688023	-97.8034157	437881
6295	2010-08-22T00:04:26Z	40.0149943538	-105.2596959472	27890
23117	2010-08-22T00:04:27Z	43.8419007667	-70.1201887	2235477
154293	2010-08-22T00:04:28Z	34.0679228375	-118.3759742975	166747
3319	2010-08-22T00:04:29Z	36.9601177833	-122.0201106833	37199
44182	2010-08-22T00:04:29Z	40.756854304	-73.982283984	1288853
31066	2010-08-22T00:04:30Z	44.9017314	-93.3184442	748017
1695	2010-08-22T00:04:31Z	32.9277528005	-97.0779693624	195659
1620	2010-08-22T00:04:32Z	44.4780959272	-73.2117842462	677835
10275	2010-08-22T00:04:34Z	30.2155392906	-97.7675914764	1700966
114145	2010-08-22T00:04:35Z	38.6005255667	-90.2476465167	315633
3384	2010-08-22T00:04:35Z	44.9459574294	-93.2652200362	270029
7357	2010-08-22T00:04:37Z	32.7466177833	-97.3668050667	9669
7358	2010-08-22T00:04:39Z	32.7466177833	-97.3668050667	9669
21983	2010-08-22T00:04:39Z	37.7685348833	-122.4736954833	21149
35871	2010-08-22T00:04:39Z	41.9904378128	-87.6698040962	1322923
56481	2010-08-22T00:04:42Z	41.097619091	-73.957187088	2235491
728	2010-08-22T00:04:45Z	39.7154070535	-104.9507188797	486598
126355	2010-08-22T00:04:46Z	39.0976019167	-94.5823754667	296819
1695	2010-08-22T00:04:50Z	32.9286227333	-97.0765061833	784617
1400	2010-08-22T00:04:50Z	59.3300637	18.076449567	2025209
38789	2010-08-22T00:04:53Z	24.7623622333	46.7997878167	1179796
3155	2010-08-22T00:04:56Z	30.468868395	-97.8036179874	147565
16808	2010-08-22T00:04:58Z	28.4311095989	-81.3075828552	758476
8833	2010-08-22T00:04:58Z	30.3095185667	-97.7336507222	1209500
37692	2010-08-22T00:05:00Z	39.251975137	-74.625055391	1190534
75887	2010-08-22T00:05:00Z	40.1180050667	-74.95429705	435567
13241	2010-08-22T00:05:01Z	30.2499467333	-97.7500222	18223
3384	2010-08-22T00:05:04Z	44.9495871608	-93.2879054546	247596
40043	2010-08-22T00:05:05Z	41.0979010252	-73.9563131332	234312
1695	2010-08-22T00:05:08Z	32.9286217667	-97.0761179833	9400
728	2010-08-22T00:05:09Z	39.7180369333	-104.9488823667	171102
99687	2010-08-22T00:05:09Z	50.5752910473	5.8685231209	1033961
46474	2010-08-22T00:05:10Z	33.129828081	-96.656658623	1232772
95201	2010-08-22T00:05:14Z	30.5274908333	-97.8148117167	807297
946	2010-08-22T00:05:16Z	34.8196431455	-92.2103440762	570722
831	2010-08-22T00:05:17Z	33.7824780154	-118.2011318207	439587
82776	2010-08-22T00:05:18Z	29.7380355435	-95.5032277107	57790
130887	2010-08-22T00:05:19Z	24.6765993343	46.6770029068	321968
29284	2010-08-22T00:05:19Z	36.12683761	-86.8439837	1376233
728	2010-08-22T00:05:20Z	39.7164469134	-104.9512767792	1339178
23999	2010-08-22T00:05:25Z	30.2224742	-97.8403432	103786
1695	2010-08-22T00:05:27Z	32.921829086	-97.077041284	1339351
164174	2010-08-22T00:05:29Z	59.4906302	18.46603143	1349080
103760	2010-08-22T00:05:32Z	64.498775733	14.146897683	1409562
42032	2010-08-22T00:05:34Z	32.8012831333	-117.00420525	854613
728	2010-08-22T00:05:34Z	39.7164799245	-104.9520599842	206612
101145	2010-08-22T00:05:38Z	26.2907409464	50.2075409889	1212878
147725	2010-08-22T00:05:40Z	40.164100647	-76.1548461914	339569
5748	2010-08-22T00:05:41Z	30.3293885087	-97.7078104019	36150
103760	2010-08-22T00:05:41Z	64.5067052	14.144248883	1409459
1695	2010-08-22T00:05:42Z	32.9217270833	-97.07745285	227529
728	2010-08-22T00:05:45Z	39.7165459468	-104.9520921707	232558
25658	2010-08-22T00:05:46Z	35.9048331891	-78.9428186417	26321
24589	2010-08-22T00:05:46Z	43.6075473333	-116.2802096833	49019
9275	2010-08-22T00:05:51Z	32.9427713188	-96.7413568497	194729
2741	2010-08-22T00:05:54Z	34.7953693	-92.2307145333	299091
1695	2010-08-22T00:06:04Z	32.9217089167	-97.0774546667	227527
3090	2010-08-22T00:06:06Z	38.991456	-77.035293	2233699
38184	2010-08-22T00:06:06Z	45.448891955	-73.610047224	2235505
728	2010-08-22T00:06:14Z	39.7163231213	-104.9520492554	519183
1004	2010-08-22T00:06:17Z	40.7567901668	-74.4116595504	711553
3348	2010-08-22T00:06:18Z	38.9934957833	-77.0272675333	467147
110308	2010-08-22T00:06:21Z	18.4676885167	-66.1207154833	273271
1695	2010-08-22T00:06:21Z	32.9216946167	-97.0774626	227528
62270	2010-08-22T00:06:22Z	37.771651259	-87.113392534	2235519
102007	2010-08-22T00:06:23Z	30.2514817938	-97.7482205629	622202
41943	2010-08-22T00:06:25Z	24.6832548	46.71855295	786296
728	2010-08-22T00:06:29Z	39.7162323404	-104.9523818493	404013
1695	2010-08-22T00:06:37Z	32.9295444333	-97.0752382167	9398
150369	2010-08-22T00:06:40Z	8.96963	-79.534432	2177255
111362	2010-08-22T00:06:42Z	28.5213039667	-99.8661033	497975
728	2010-08-22T00:06:46Z	39.7174198257	-104.9519645392	928863
41511	2010-08-22T00:06:51Z	39.7789299488	-86.2872219086	1523939
6035	2010-08-22T00:06:52Z	35.53849995	-97.59412605	28815
728	2010-08-22T00:06:55Z	39.716785277	-104.952247739	1313794
10522	2010-08-22T00:07:00Z	40.0708444833	-83.13023865	1080629
1695	2010-08-22T00:07:01Z	32.92150855	-97.0780062667	10241
65864	2010-08-22T00:07:09Z	38.4574044	-90.3068741333	464218
141781	2010-08-22T00:07:15Z	40.017073213	-105.255535841	20758
728	2010-08-22T00:07:16Z	39.7181701482	-104.9525378152	1007406
1695	2010-08-22T00:07:18Z	32.9306387833	-97.07628965	9399
4632	2010-08-22T00:07:21Z	33.1543135577	-96.8351912498	9354
728	2010-08-22T00:07:25Z	39.7183887306	-104.9531447935	1007435
115400	2010-08-22T00:07:26Z	33.823168312	-84.109821559	2235589
2252	2010-08-22T00:07:28Z	35.9670057135	-86.8130330679	132460
107910	2010-08-22T00:07:29Z	40.00160515	3.8354696	1861861
65325	2010-08-22T00:07:32Z	35.3911611333	-97.5130730667	272303
728	2010-08-22T00:07:33Z	39.7172226716	-104.9532294273	1101700
1695	2010-08-22T00:07:35Z	32.92036055	-97.0778131333	10291
166021	2010-08-22T00:07:37Z	59.3231957446	18.0670380592	69788
156082	2010-08-22T00:07:38Z	30.2515346167	-97.7490263167	87899
48657	2010-08-22T00:07:39Z	59.3361114485	18.0679500103	92890
165960	2010-08-22T00:07:39Z	59.853579905	17.601504592	2235561
1923	2010-08-22T00:07:43Z	30.48439162	-87.22670292	686625
3470	2010-08-22T00:07:45Z	33.9845913649	-118.24436903	808103
728	2010-08-22T00:07:45Z	39.716833917	-104.953013617	1301769
6046	2010-08-22T00:07:51Z	32.9435006229	-97.1312427521	137174
38349	2010-08-22T00:07:52Z	21.2868076846	-157.8078559041	129904
32617	2010-08-22T00:07:56Z	30.2921984233	-97.8275871277	475247
2521	2010-08-22T00:07:58Z	38.914369191	-77.0464324951	215838
50155	2010-08-22T00:08:00Z	42.0919972	-71.2697634	387478
111932	2010-08-22T00:08:01Z	32.2100549	-98.2365228333	1067653
195415	2010-08-22T00:08:01Z	33.5540664333	-86.5316092833	2008199
728	2010-08-22T00:08:02Z	39.7173375	-104.95428465	1007943
38349	2010-08-22T00:08:07Z	21.2868651665	-157.8080785275	83468
24153	2010-08-22T00:08:07Z	30.2453613167	-97.7790927833	16431
15025	2010-08-22T00:08:09Z	33.72609825	-117.9877018	165320
173780	2010-08-22T00:08:10Z	56.6853476167	16.3416918167	73234
145083	2010-08-22T00:08:11Z	50.9696858	5.9821202333	970615
155940	2010-08-22T00:08:12Z	32.75416225	-117.1972611667	1093545
728	2010-08-22T00:08:13Z	39.7169915956	-104.9534869194	486796
74498	2010-08-22T00:08:15Z	43.619993	-116.27898225	230628
135012	2010-08-22T00:08:18Z	32.7063861753	-117.1615934372	16696
12920	2010-08-22T00:08:21Z	34.8486496333	-82.3369377167	547067
728	2010-08-22T00:08:22Z	39.7169420792	-104.9535942078	472843
129713	2010-08-22T00:08:24Z	36.1143381077	-115.1949763298	259705
12949	2010-08-22T00:08:29Z	29.4257855333	-98.4862947333	11507
728	2010-08-22T00:08:29Z	39.717339	-104.95631	1805807
92495	2010-08-22T00:08:30Z	29.597682512	-95.6207971529	215093
14725	2010-08-22T00:08:31Z	29.983889456	-90.056532019	1548748
129485	2010-08-22T00:08:31Z	30.2269117924	-97.8248853939	1102174
1341	2010-08-22T00:08:33Z	35.6629274737	139.759966135	158977
40094	2010-08-22T00:08:34Z	36.2571845	-115.2527826	2235609
49096	2010-08-22T00:08:34Z	49.449464067	10.98974015	1214058
15025	2010-08-22T00:08:35Z	33.7254819732	-117.988751216	792481
177794	2010-08-22T00:08:37Z	18.80564671	98.98085927	682939
122188	2010-08-22T00:08:41Z	34.0540929167	-117.1817133833	464104
98776	2010-08-22T00:08:42Z	60.3914959299	5.3191637993	617875
1695	2010-08-22T00:08:44Z	32.9236902274	-97.088316679	479519
728	2010-08-22T00:08:46Z	39.71644634	-104.95463687	916351
49372	2010-08-22T00:08:50Z	32.4794480333	-99.6966617333	34520
135012	2010-08-22T00:08:54Z	32.70624801	-117.163028745	2193470
1695	2010-08-22T00:08:59Z	32.9214327833	-97.0808596333	1013903
4683	2010-08-22T00:09:06Z	42.7673676635	-71.2315964699	54897
38681	2010-08-22T00:09:07Z	19.71622524	-155.07046045	2235629
728	2010-08-22T00:09:07Z	39.7168430463	-104.9532616138	425974
55256	2010-08-22T00:09:07Z	57.7014185461	11.97275877	270639
103760	2010-08-22T00:09:09Z	64.502753533	14.145556483	1520636
5246	2010-08-22T00:09:10Z	39.8495018818	-104.673871994	23256
53701	2010-08-22T00:09:13Z	18.1558020591	-67.1417534351	94262
44738	2010-08-22T00:09:15Z	29.2733628167	-94.84938485	999126
2971	2010-08-22T00:09:15Z	33.8035100698	-118.0376511812	1570252
1695	2010-08-22T00:09:19Z	32.9237176	-97.0701280833	212976
2971	2010-08-22T00:09:22Z	33.8036380667	-118.0375253167	422650
135012	2010-08-22T00:09:24Z	32.7075916529	-117.1635997295	2196850
2466	2010-08-22T00:09:33Z	48.7493804025	-122.472807169	718881
83505	2010-08-22T00:09:34Z	32.93306273	-97.12320643	1549360
54718	2010-08-22T00:09:34Z	59.9245794984	10.7675063309	527636
1695	2010-08-22T00:09:35Z	32.91979444	-97.07761949	1361135
123443	2010-08-22T00:09:37Z	29.6070790833	-82.4389547333	773021
44466	2010-08-22T00:09:37Z	32.6709405683	-97.1143877506	181316
118255	2010-08-22T00:09:38Z	37.5650585771	-122.3227214813	20072
25330	2010-08-22T00:09:39Z	45.5714320953	-122.554410696	37321
728	2010-08-22T00:09:40Z	39.7168843101	-104.9546027184	355544
129469	2010-08-22T00:09:42Z	36.60005585	-121.8745858167	358853
388	2010-08-22T00:09:43Z	30.2701965	-97.7490722667	232536
11151	2010-08-22T00:09:45Z	37.8790842333	-122.2958876333	24992
1695	2010-08-22T00:09:50Z	32.9205536842	-97.0803076029	1589251
728	2010-08-22T00:09:51Z	39.7173959782	-104.9549889565	86190
135012	2010-08-22T00:10:01Z	32.7082031965	-117.1632403135	2194315
728	2010-08-22T00:10:01Z	39.7183532825	-104.9556863308	398345
12673	2010-08-22T00:10:01Z	53.55235379	9.93363243	1069671
4358	2010-08-22T00:10:03Z	38.4926377	-122.4526855	971523
1695	2010-08-22T00:10:07Z	32.9201930167	-97.0798835167	1105658
168903	2010-08-22T00:10:12Z	36.066485583	-95.813591814	1595060
1695	2010-08-22T00:10:19Z	32.9214334333	-97.0819544667	9537
149702	2010-08-22T00:10:21Z	48.892001295	8.696111555	1550282
102013	2010-08-22T00:10:22Z	20.58591055	-100.37845955	439424
728	2010-08-22T00:10:23Z	39.721131	-104.9577175	1274320
135012	2010-08-22T00:10:25Z	32.7068191767	-117.1631598473	2193756
135015	2010-08-22T00:10:28Z	32.7075916529	-117.1635997295	2194588
158	2010-08-22T00:10:29Z	37.3875755167	-122.0828630167	54282
76841	2010-08-22T00:10:30Z	42.3394503968	-83.0489802361	37871
49354	2010-08-22T00:10:31Z	29.55395543	-95.3894149	238587
34246	2010-08-22T00:10:34Z	35.9989547729	-75.6496124268	1110173
1695	2010-08-22T00:10:35Z	32.919253327	-97.0785946444	991226
101115	2010-08-22T00:10:38Z	55.5993891667	13.0849562	501517
46074	2010-08-22T00:10:43Z	44.9845285	-93.2550002	324201
35924	2010-08-22T00:10:44Z	29.738212545	-98.1049704552	9658
106748	2010-08-22T00:10:47Z	34.5809515167	-98.2121650167	336276
19261	2010-08-22T00:10:49Z	37.6530757333	-77.6133309333	548150
1695	2010-08-22T00:10:51Z	32.9322032	-97.078704933	1396583
34039	2010-08-22T00:10:51Z	43.615024005	-116.203746267	2235669
38497	2010-08-22T00:10:51Z	55.8260616	37.521780515	1552332
60986	2010-08-22T00:10:52Z	34.0439732839	-118.4540277818	78630
9041	2010-08-22T00:10:54Z	30.59059005	-98.27100872	2223395
17281	2010-08-22T00:10:54Z	49.802203967	9.94663235	1311816
66779	2010-08-22T00:10:59Z	45.7943355	9.05944155	2235679
55268	2010-08-22T00:11:00Z	55.9202995886	14.2790079117	312278
124354	2010-08-22T00:11:01Z	32.785244883	-117.127129617	1519291
45779	2010-08-22T00:11:03Z	51.4305695557	7.0273768902	788762
69103	2010-08-22T00:11:04Z	35.6669801474	-97.4948751926	2235674
135012	2010-08-22T00:11:05Z	32.7075916529	-117.1635997295	2194588
978	2010-08-22T00:11:06Z	34.8383262	-92.23619355	315013
1695	2010-08-22T00:11:11Z	32.9202795	-97.08226752	2036328
9558	2010-08-22T00:11:12Z	32.8642306	-97.3140063167	475038
37424	2010-08-22T00:11:12Z	33.12481615	-117.3247621667	32024
20490	2010-08-22T00:11:14Z	33.0471070667	-117.2559589167	998171
38896	2010-08-22T00:11:14Z	47.508429983	-121.798795717	2235684
46726	2010-08-22T00:11:17Z	45.782611307	-108.506363483	2235664
19379	2010-08-22T00:11:18Z	21.59806734	39.14756739	1541479
103760	2010-08-22T00:11:19Z	64.504929417	14.149259833	1409513
82956	2010-08-22T00:11:22Z	30.131826522	-98.0130377412	11352
909	2010-08-22T00:11:24Z	33.1065849501	-96.818164587	1198930
82693	2010-08-22T00:11:27Z	53.037032994	8.8283882236	135658
327	2010-08-22T00:11:29Z	30.2224742	-97.8403432	103786
1695	2010-08-22T00:11:30Z	32.9325914383	-97.0770406723	1070409
2784	2010-08-22T00:11:30Z	33.2098296333	-96.7438001667	71271
69819	2010-08-22T00:11:30Z	39.69633658	-104.78958814	2235694
106162	2010-08-22T00:11:33Z	59.21360224	10.93439799	1413130
4112	2010-08-22T00:11:36Z	30.3600450634	-97.7348470688	13069
123330	2010-08-22T00:11:36Z	45.522613333	-122.927617233	1246533
37278	2010-08-22T00:11:37Z	42.2991331	-71.06052925	2235649
10367	2010-08-22T00:11:38Z	33.48302685	-112.0747235	64520
20397	2010-08-22T00:11:39Z	32.7752325568	-96.7561948299	21247
103760	2010-08-22T00:11:39Z	64.4996707736	14.1411852837	1367262
135012	2010-08-22T00:11:41Z	32.70454859	-117.16321915	948656
9041	2010-08-22T00:11:43Z	30.5977714	-98.2720398833	12852
57531	2010-08-22T00:11:43Z	39.93990975	-75.0260440833	68594
113591	2010-08-22T00:11:45Z	36.0865366459	-115.3076398373	1261273
2971	2010-08-22T00:11:49Z	33.804460848	-118.039072752	107390
1695	2010-08-22T00:11:51Z	32.9319648827	-97.0805893469	582468
2505	2010-08-22T00:11:54Z	37.38732582	-121.9298188	218638
124411	2010-08-22T00:11:54Z	44.896897223	-93.2469320297	78947
37922	2010-08-22T00:11:55Z	40.643997217	-74.237931933	1707326
125180	2010-08-22T00:11:57Z	41.97579171	-87.6686449723	1157969
32722	2010-08-22T00:11:58Z	32.7075916529	-117.1635997295	2194588
24806	2010-08-22T00:11:58Z	39.0935326667	-94.5931743	17269
103760	2010-08-22T00:11:58Z	64.502907	14.143188117	1409373
3977	2010-08-22T00:12:02Z	30.4728499833	-97.7739920167	161889
5745	2010-08-22T00:12:02Z	32.8374634043	-96.7764830589	244386
40241	2010-08-22T00:12:02Z	38.8179316167	-121.30599245	183884
129486	2010-08-22T00:12:03Z	30.131826522	-98.0130377412	11352
4256	2010-08-22T00:12:09Z	37.3875814167	-122.0829430333	24258
32722	2010-08-22T00:12:13Z	32.7075916529	-117.1635997295	2196850
11759	2010-08-22T00:12:14Z	41.5060223209	-81.6995716095	24489
44729	2010-08-22T00:12:17Z	21.5556627833	-157.8527445	105167
2930	2010-08-22T00:12:22Z	32.97791409	-96.7406556	1033932
43645	2010-08-22T00:12:27Z	59.2928245116	18.0837857723	108222
116940	2010-08-22T00:12:28Z	28.567972701	-81.223028	1516835
149458	2010-08-22T00:12:29Z	55.167246004	-1.689652068	2235719
135012	2010-08-22T00:12:30Z	32.70624989	-117.16303086	2184962
32722	2010-08-22T00:12:30Z	32.7082031965	-117.1632403135	2194315
3617	2010-08-22T00:12:31Z	30.4168570167	-97.7302353167	825381
109100	2010-08-22T00:12:34Z	18.183375772	-67.150480632	1666265
25344	2010-08-22T00:12:38Z	30.1099579544	-97.334446907	299039
15249	2010-08-22T00:12:39Z	27.8396420333	-97.0603465833	744560
36898	2010-08-22T00:12:43Z	37.78735955	-122.3099057333	175049
728	2010-08-22T00:12:45Z	39.7161097333	-104.9870144167	315707
13434	2010-08-22T00:12:46Z	51.0426259667	-114.0373392167	569541
125886	2010-08-22T00:12:48Z	30.2591844833	-97.7484939	19018
150708	2010-08-22T00:12:50Z	33.44674755	-86.73220105	281434
43439	2010-08-22T00:12:51Z	41.4423844167	-85.98932655	1512006
4256	2010-08-22T00:12:52Z	37.3875755167	-122.0828630167	54282
12175	2010-08-22T00:12:54Z	21.2782876143	-157.8282701969	41570
194017	2010-08-22T00:12:57Z	-12.120339347	-77.029781337	1668550
38294	2010-08-22T00:12:57Z	45.900809788	-123.959124918	1468447
29853	2010-08-22T00:12:58Z	32.7986786667	-117.2473648667	85841
2929	2010-08-22T00:13:01Z	32.97791409	-96.7406556	1033932
110392	2010-08-22T00:13:03Z	21.4000783673	-158.0081605911	83771
25323	2010-08-22T00:13:03Z	42.6295622157	-71.2775190122	274383
112062	2010-08-22T00:13:04Z	30.5582612496	-97.8452952914	358217
2631	2010-08-22T00:13:06Z	41.492415817	-72.8099086	1463546
51222	2010-08-22T00:13:10Z	30.1698464833	-97.7833088833	1092079
33748	2010-08-22T00:13:14Z	38.9633386333	-94.6704142833	35725
109443	2010-08-22T00:13:16Z	59.6586828222	18.9091175795	1345953
22096	2010-08-22T00:13:18Z	30.2786006658	-97.7730196627	52189
9714	2010-08-22T00:13:19Z	38.8725852833	-104.7189367833	184234
27921	2010-08-22T00:13:24Z	40.9008064782	-73.3409929276	123994
49498	2010-08-22T00:13:29Z	32.9478938	-96.730149	1665334
4874	2010-08-22T00:13:35Z	48.475629	-116.838318	2235729
14951	2010-08-22T00:13:39Z	18.398185167	-66.174680767	2235744
26514	2010-08-22T00:13:43Z	25.7915688351	-80.1392391179	244198
112062	2010-08-22T00:13:44Z	30.5636160667	-97.8469105833	40538
66	2010-08-22T00:13:45Z	30.4310061977	-97.6713109016	1020712
29345	2010-08-22T00:13:49Z	37.8196620833	-122.4785041667	10377
47614	2010-08-22T00:13:49Z	45.5230556045	-122.6812309027	17645
50503	2010-08-22T00:13:52Z	30.43199735	-97.9429261167	81193
3349	2010-08-22T00:13:57Z	35.4930319039	-97.5222980976	47919
38034	2010-08-22T00:13:58Z	41.89357066	-87.62953495	1038518
38811	2010-08-22T00:14:01Z	25.0564546174	46.4995479584	786254
1695	2010-08-22T00:14:01Z	32.87330795	-96.942666583	1262054
145284	2010-08-22T00:14:06Z	30.8941893333	-102.8840205667	1208798
88397	2010-08-22T00:14:10Z	33.839982324	-84.379873034	2235749
3854	2010-08-22T00:14:11Z	34.0835256106	-118.3538138866	2235759
152899	2010-08-22T00:14:11Z	41.5337216833	-82.8279208333	1570243
3111	2010-08-22T00:14:13Z	28.4448646917	-81.3917505741	308588
37083	2010-08-22T00:14:14Z	45.5230556045	-122.6812309027	17645
37400	2010-08-22T00:14:14Z	46.7267145	-92.101968	629419
116702	2010-08-22T00:14:15Z	32.8421958903	-96.772094965	1085876
124982	2010-08-22T00:14:16Z	29.5371937752	-98.5870975256	2235764
65468	2010-08-22T00:14:17Z	40.7539460739	-73.9815366268	178035
1338	2010-08-22T00:14:21Z	30.4145713182	-97.7466259042	22163
2685	2010-08-22T00:14:21Z	39.20169	-96.509204	817738
109740	2010-08-22T00:14:23Z	42.8250269167	-83.2647802	1297091
1695	2010-08-22T00:14:25Z	32.8732766333	-96.94141655	150767
39700	2010-08-22T00:14:32Z	33.7746928404	-84.366068244	458816
85577	2010-08-22T00:14:39Z	33.93506045	-117.2768749333	1231928
184712	2010-08-22T00:14:40Z	35.1404654833	-90.0164733667	1086210
47614	2010-08-22T00:14:41Z	45.5222878167	-122.6816301167	61630
124046	2010-08-22T00:14:42Z	32.9928362193	-96.9453656673	239067
12233	2010-08-22T00:14:43Z	33.8120650319	-117.9190063477	9724
28829	2010-08-22T00:14:43Z	35.052624233	-85.3096532822	355136
653	2010-08-22T00:14:43Z	37.4171158	-121.8997899	167350
10346	2010-08-22T00:14:44Z	35.06960858	-106.6294705868	50635
6155	2010-08-22T00:14:46Z	30.2360079672	-97.7959370613	23976
14831	2010-08-22T00:14:47Z	40.263197417	-74.986259933	2213123
1695	2010-08-22T00:14:51Z	32.8732963333	-96.9411578333	1202742
28496	2010-08-22T00:14:54Z	41.1267946323	-73.4217548633	1042264
29436	2010-08-22T00:14:59Z	38.218819967	-75.6966057	1541685
6155	2010-08-22T00:15:02Z	30.237101771	-97.796303217	1496124
47614	2010-08-22T00:15:07Z	45.5219994756	-122.6814830303	17651
430	2010-08-22T00:15:09Z	45.5263352333	-122.6878881333	12322
32452	2010-08-22T00:15:12Z	33.7857331167	-84.3845025333	1123339
137961	2010-08-22T00:15:13Z	32.8584834	-97.3119292	39960
12989	2010-08-22T00:15:19Z	34.034448266	-84.3457263708	1147877
22274	2010-08-22T00:15:20Z	35.9296111876	-86.8249444646	569122
65615	2010-08-22T00:15:21Z	32.9083423	-97.3159639	922614
42557	2010-08-22T00:15:22Z	31.998338	-80.855229	1957495
4485	2010-08-22T00:15:22Z	48.4129289667	-123.3379881833	267179
23254	2010-08-22T00:15:36Z	45.537419124	-122.604438703	2235739
109874	2010-08-22T00:15:39Z	37.7700235498	-122.4221536517	21076
45202	2010-08-22T00:15:39Z	51.43109105	7.00398865	258148
46639	2010-08-22T00:15:41Z	30.2839624116	-97.7195155621	19370
5549	2010-08-22T00:15:42Z	47.6139350678	-122.3412164466	1000340
2073	2010-08-22T00:15:49Z	37.5616903333	-122.2818922333	61706
155426	2010-08-22T00:15:53Z	29.54728132	-95.23247241	1198615
3372	2010-08-22T00:15:54Z	40.7833116773	-73.9779424667	906178
108177	2010-08-22T00:15:57Z	26.5918974333	-80.2030234833	790115
82575	2010-08-22T00:16:00Z	18.40915565	-66.0304283833	68882
34039	2010-08-22T00:16:02Z	43.6168787167	-116.20081655	1167529
164172	2010-08-22T00:16:02Z	59.1958343791	17.6195168495	704064
175301	2010-08-22T00:16:04Z	59.3360422667	18.0729686167	987085
105340	2010-08-22T00:16:06Z	30.447236133	-97.810270167	2235779
3925	2010-08-22T00:16:07Z	44.9766247845	-93.2561981258	611962
2275	2010-08-22T00:16:09Z	36.1177204131	-115.1722848415	64449
2539	2010-08-22T00:16:13Z	30.4818670667	-97.8305719833	628764
14366	2010-08-22T00:16:15Z	45.4973249833	-122.8128121	79186
99886	2010-08-22T00:16:19Z	18.414977983	-65.957077117	1564176
1762	2010-08-22T00:16:19Z	40.3501360667	-74.6582627167	118948
135012	2010-08-22T00:16:22Z	32.7076452971	-117.1626824141	2194055
2275	2010-08-22T00:16:23Z	36.1186186364	-115.1727116097	1151260
104752	2010-08-22T00:16:24Z	13.7371548015	100.5612301826	406445
188950	2010-08-22T00:16:24Z	29.54728132	-95.23247241	1198615
38520	2010-08-22T00:16:29Z	41.1267946323	-73.4217548633	1042264
118695	2010-08-22T00:16:30Z	-27.4767466833	153.034981	822124
30163	2010-08-22T00:16:31Z	44.0579855225	-121.3127410412	154458
176870	2010-08-22T00:16:33Z	30.2879094305	-81.404685475	157940
3236	2010-08-22T00:16:35Z	45.507280226	-73.548068875	2231865
32208	2010-08-22T00:16:39Z	37.7946401253	-122.4030760985	113435
86688	2010-08-22T00:16:39Z	63.29088	18.7047233333	289079
2275	2010-08-22T00:16:45Z	36.1186146333	-115.1722211	544681
80138	2010-08-22T00:16:46Z	50.7955125853	7.1639871597	1131051
35771	2010-08-22T00:16:50Z	31.5297691516	-97.1769797802	848230
12400	2010-08-22T00:16:50Z	47.6182508468	-122.3259696364	300347
118112	2010-08-22T00:16:51Z	33.14397685	-96.6743161667	20325
58051	2010-08-22T00:16:52Z	21.2769079613	-157.8302657604	70807
111368	2010-08-22T00:16:52Z	35.499491656	-97.560012911	1464595
16787	2010-08-22T00:16:53Z	37.6531008167	-122.4294721167	865135
25339	2010-08-22T00:17:01Z	30.4982337833	-97.7774402333	22552
55206	2010-08-22T00:17:04Z	47.62228845	-122.3523116	11469
72860	2010-08-22T00:17:05Z	32.7565304473	-96.8231320381	18900
34039	2010-08-22T00:17:07Z	43.61681419	-116.20260763	956382
121047	2010-08-22T00:17:09Z	53.3816833496	-1.4713821411	520066
105032	2010-08-22T00:17:19Z	59.4723021844	18.3129537106	265378
66233	2010-08-22T00:17:22Z	34.2019604	-118.2095026	739167
119853	2010-08-22T00:17:22Z	37.9232896167	-122.0450794333	1167312
129611	2010-08-22T00:17:29Z	54.5926035859	-5.9277565115	82763
34039	2010-08-22T00:17:30Z	43.6168760061	-116.202172637	2001861
16710	2010-08-22T00:17:38Z	37.2610491538	-121.9370359182	175359
2023	2010-08-22T00:17:38Z	51.3538659285	12.3724461862	419186
1827	2010-08-22T00:17:39Z	21.40120035	-157.7983883667	931335
6155	2010-08-22T00:17:44Z	30.2332913833	-97.79203175	14886
116225	2010-08-22T00:17:46Z	59.3116878776	18.073925972	171033
4978	2010-08-22T00:17:53Z	40.66482686	-73.98689299	512904
54193	2010-08-22T00:17:54Z	40.5853431972	-122.3478484154	202261
2812	2010-08-22T00:17:57Z	39.006579124	-94.7671222687	766183
99210	2010-08-22T00:17:57Z	50.820614875	-0.135491513	2235834
2275	2010-08-22T00:17:58Z	36.1186395833	-115.1721746667	356712
14260	2010-08-22T00:17:58Z	40.7615690519	-73.9817404747	366679
171468	2010-08-22T00:18:00Z	42.5189613167	-70.8940416833	2234819
30163	2010-08-22T00:18:02Z	44.0586640103	-121.3137495518	2129188
22554	2010-08-22T00:18:04Z	30.4877002	-97.7703682	59812
50789	2010-08-22T00:18:04Z	38.896026368	-77.0220994949	218074
33934	2010-08-22T00:18:04Z	38.915443767	-77.041819317	1339509
104038	2010-08-22T00:18:06Z	59.3363959766	18.0733895302	93386
34039	2010-08-22T00:18:08Z	43.617057617	-116.2022381	1278979
98260	2010-08-22T00:18:09Z	58.8743566	17.80100955	1510132
32276	2010-08-22T00:18:17Z	38.9232387945	-77.2255373913	195055
114146	2010-08-22T00:18:18Z	35.2313684833	-97.4959450833	66006
89959	2010-08-22T00:18:18Z	55.5985187082	13.0094280714	867084
107108	2010-08-22T00:18:19Z	59.3116878776	18.073925972	171033
16864	2010-08-22T00:18:21Z	33.0164031982	-96.532699585	570771
105136	2010-08-22T00:18:21Z	35.0126865197	-85.1585666058	632740
126543	2010-08-22T00:18:27Z	36.1252604333	-115.19530525	560248
30322	2010-08-22T00:18:28Z	37.6998987167	-121.9099312833	26232
9451	2010-08-22T00:18:30Z	35.0864313667	-92.4141651392	109372
5993	2010-08-22T00:18:30Z	35.7571522673	-78.7428331375	38343
105136	2010-08-22T00:18:32Z	35.0118874121	-85.1571775977	766102
52822	2010-08-22T00:18:38Z	45.4312633959	-75.6799563266	427387
2631	2010-08-22T00:18:39Z	41.49227124	-72.80973464	289365
45143	2010-08-22T00:18:41Z	18.4056723467	-66.0507595539	202254
1529	2010-08-22T00:18:42Z	38.2977002569	-76.5138289332	298014
34039	2010-08-22T00:18:43Z	43.6160307074	-116.2035512924	1318463
125908	2010-08-22T00:18:44Z	32.8118209839	-96.6278686523	543309
105136	2010-08-22T00:18:47Z	35.0141564167	-85.157737	611788
2275	2010-08-22T00:18:48Z	36.11707746	-115.17273873	1404335
153289	2010-08-22T00:18:49Z	41.13131099	-81.49093246	2235829
67419	2010-08-22T00:18:54Z	33.5257296833	-82.1201398167	152291
105136	2010-08-22T00:18:55Z	35.0127260895	-85.158569327	779225
44087	2010-08-22T00:18:59Z	33.1279430038	-117.1606831551	1166186
10812	2010-08-22T00:19:00Z	30.162883346	-97.7937054634	75514
99439	2010-08-22T00:19:01Z	24.92955095	121.55258825	1426847
139856	2010-08-22T00:19:03Z	59.922936346	10.758597957	1348140
105136	2010-08-22T00:19:06Z	35.0120339167	-85.1562892	845762
129611	2010-08-22T00:19:07Z	54.59365548	-5.927413702	93200
1827	2010-08-22T00:19:08Z	21.4047906681	-157.7936053276	1243265
54494	2010-08-22T00:19:08Z	38.8935379916	-77.0425379276	1368282
13738	2010-08-22T00:19:10Z	28.3689747944	-81.552734077	14584
32	2010-08-22T00:19:12Z	30.2686964002	-97.7456147969	9313
22625	2010-08-22T00:19:12Z	33.07295167	-97.08964174	2235839
41626	2010-08-22T00:19:12Z	35.6118483681	-97.5583791733	49458
105136	2010-08-22T00:19:15Z	35.0125975	-85.159567	636786
119931	2010-08-22T00:19:15Z	42.7989031	-86.0803193	1463105
19086	2010-08-22T00:19:16Z	35.232634133	-97.177477367	1219180
66938	2010-08-22T00:19:19Z	33.009485	-96.9685077667	22696
44498	2010-08-22T00:19:23Z	40.7862280278	-111.9822263718	34041
105136	2010-08-22T00:19:24Z	35.0109844296	-85.1615164596	367133
127312	2010-08-22T00:19:25Z	35.90943365	-75.6702342167	1027978
59864	2010-08-22T00:19:28Z	33.99056738	-84.08637928	534525
2631	2010-08-22T00:19:28Z	41.49351635	-72.80857075	1173868
19689	2010-08-22T00:19:34Z	39.7662015541	-86.1560297012	126294
146208	2010-08-22T00:19:35Z	34.1057638889	-117.5747222222	2235799
109950	2010-08-22T00:19:35Z	38.6402532833	-90.2622208667	584731
153026	2010-08-22T00:19:35Z	61.30184805	17.05375993	1497946
55206	2010-08-22T00:19:37Z	47.6220890664	-122.3539638519	11468
105136	2010-08-22T00:19:40Z	35.014747117	-85.1627591	1562676
1543	2010-08-22T00:19:41Z	30.3979658966	-97.7455115318	37182
102855	2010-08-22T00:19:41Z	41.9649013667	-87.6909205833	1902524
39648	2010-08-22T00:19:44Z	33.65094092	-84.449639075	2235884
2631	2010-08-22T00:19:45Z	41.49174958	-72.80895537	841183
13350	2010-08-22T00:19:47Z	30.34784239	-97.71331149	1577676
105136	2010-08-22T00:19:51Z	35.0154031	-85.16322905	658417
41942	2010-08-22T00:19:52Z	41.7337800333	-87.5639898667	23658
17625	2010-08-22T00:19:54Z	33.7589049333	-84.3913722	11693
32319	2010-08-22T00:19:55Z	46.18184355	-123.96444385	1116238
187882	2010-08-22T00:19:55Z	55.4715744167	13.0318463833	892343
3779	2010-08-22T00:19:56Z	39.7439562405	-105.020070076	35859
105136	2010-08-22T00:20:01Z	35.0087594804	-85.1545250416	1592160
34039	2010-08-22T00:20:01Z	43.6167876667	-116.2016936167	40086
399	2010-08-22T00:20:02Z	37.2246511167	-121.98287205	305354
2631	2010-08-22T00:20:02Z	41.494381674	-72.807761815	1558398
8370	2010-08-22T00:20:03Z	32.8113555833	-96.8064165	10907
339	2010-08-22T00:20:04Z	39.1242853167	-94.8312156667	25973
10152	2010-08-22T00:20:07Z	30.2826696333	-97.7422088333	43230
129611	2010-08-22T00:20:12Z	54.5923715299	-5.9300536357	42832
129705	2010-08-22T00:20:13Z	29.89470325	-81.3130330167	243716
37173	2010-08-22T00:20:13Z	43.08059644	-73.78465163	2235899
15725	2010-08-22T00:20:16Z	32.0087887647	-81.1092898546	265158
112112	2010-08-22T00:20:21Z	51.032585082	3.80910094	1395185
2784	2010-08-22T00:20:25Z	33.2201036419	-96.9163085396	711805
2631	2010-08-22T00:20:25Z	41.49511215	-72.8088804	1178440
134382	2010-08-22T00:20:31Z	45.507153939	-73.548072871	2231837
34039	2010-08-22T00:20:35Z	43.616824924	-116.2010246515	1167525
25338	2010-08-22T00:20:39Z	30.4982337833	-97.7774402333	22552
2631	2010-08-22T00:20:39Z	41.49052985	-72.8099156333	595682
2631	2010-08-22T00:20:51Z	41.4906301833	-72.81200905	763102
103158	2010-08-22T00:20:52Z	59.9167846187	10.7603573799	769875
142468	2010-08-22T00:20:53Z	40.798620577	-73.968823781	2235934
6482	2010-08-22T00:20:53Z	52.955900284	-1.153322478	2235809
1311	2010-08-22T00:20:54Z	33.7258833908	-117.7921807766	275449
6639	2010-08-22T00:20:59Z	40.7331369096	-74.0035092831	717839
10139	2010-08-22T00:21:01Z	45.338109017	-75.850254583	1598633
3236	2010-08-22T00:21:06Z	45.507153939	-73.548072871	2231837
2631	2010-08-22T00:21:07Z	41.4890684	-72.8075639667	117138
10275	2010-08-22T00:21:11Z	30.2141115156	-97.7679026127	2235944
175296	2010-08-22T00:21:11Z	59.3360422667	18.0729686167	987085
18377	2010-08-22T00:21:16Z	34.8508236167	-82.3997175833	280648
15291	2010-08-22T00:21:16Z	36.0761931306	-79.7950959206	16663
3828	2010-08-22T00:21:18Z	29.72677225	-95.4193612	28419
14729	2010-08-22T00:21:18Z	59.913727209	10.745714855	1376013
17408	2010-08-22T00:21:23Z	35.008416763	-85.2051544189	404673
78495	2010-08-22T00:21:26Z	32.7942289333	-117.25593705	381009
30470	2010-08-22T00:21:26Z	40.403030162	-73.984388515	2235814
11030	2010-08-22T00:21:27Z	29.7188991	-95.3526393833	702779
134999	2010-08-22T00:21:28Z	32.7068191767	-117.1631598473	2193756
39474	2010-08-22T00:21:31Z	40.4290417	-79.9645532333	481123
54219	2010-08-22T00:21:33Z	42.5457875	-83.2133106	657586
154890	2010-08-22T00:21:35Z	33.0896980667	-96.68331805	34765
668	2010-08-22T00:21:35Z	34.1470474833	-118.2584680333	955841
38278	2010-08-22T00:21:43Z	32.8306086167	-117.1537706833	488161
3909	2010-08-22T00:21:46Z	33.7141416115	-78.9255847008	174158
2631	2010-08-22T00:21:52Z	41.495860219	-72.8092128038	1358604
105136	2010-08-22T00:21:55Z	35.0149799667	-85.1638247167	739626
158121	2010-08-22T00:22:02Z	32.7297018967	-97.7855622768	165023
144661	2010-08-22T00:22:06Z	29.83267425	-95.5586201833	49783
108005	2010-08-22T00:22:06Z	62.3906488833	17.3131173167	96004
55147	2010-08-22T00:22:07Z	32.7752325568	-96.7561948299	21247
105136	2010-08-22T00:22:09Z	35.0083182	-85.1594685667	1071519
2631	2010-08-22T00:22:13Z	41.4953649833	-72.8145955333	499948
152678	2010-08-22T00:22:16Z	36.7410724	-119.7982552333	508295
105136	2010-08-22T00:22:19Z	35.0152097526	-85.1636009851	847131
2690	2010-08-22T00:22:20Z	33.6504313017	-117.7429354191	179375
152642	2010-08-22T00:22:20Z	55.8585989642	-4.2570197582	143970
72525	2010-08-22T00:22:22Z	-36.7844208833	174.7754866333	396696
20094	2010-08-22T00:22:22Z	45.18640777	-109.247168595	1535444
34039	2010-08-22T00:22:23Z	43.6166139667	-116.2007916833	1167512
15696	2010-08-22T00:22:27Z	41.62808315	-83.715908383	1916044
105136	2010-08-22T00:22:29Z	35.009422017	-85.16248405	1364468
179946	2010-08-22T00:22:29Z	40.062190231	-85.665434311	2159611
71161	2010-08-22T00:22:35Z	37.8007900667	-122.4100112833	10191
193110	2010-08-22T00:22:35Z	5.4753881	100.24997562	690287
21089	2010-08-22T00:22:36Z	29.750741591	-95.3621649742	11861
1630	2010-08-22T00:22:37Z	34.7466023232	-92.4100399017	396024
105136	2010-08-22T00:22:37Z	35.0171752663	-85.1626200863	1076547
69103	2010-08-22T00:22:38Z	35.6482261419	-97.4612510204	2235979
72525	2010-08-22T00:22:38Z	-36.78534005	174.7750511167	389734
2690	2010-08-22T00:22:42Z	33.6510344333	-117.74371915	30768
16810	2010-08-22T00:22:44Z	-37.8706054688	144.720413208	623523
172	2010-08-22T00:22:47Z	30.3895709833	-97.7326093333	224326
105136	2010-08-22T00:22:48Z	35.0080652565	-85.1554477215	668767
6579	2010-08-22T00:22:48Z	42.3662890948	-71.0621452332	38851
39533	2010-08-22T00:22:51Z	37.2079677	-93.2923496333	305539
2631	2010-08-22T00:22:51Z	41.4965361357	-72.8102374077	170960
13213	2010-08-22T00:22:52Z	41.7116093428	-72.6054162936	559438
9439	2010-08-22T00:22:55Z	30.2826696333	-97.7422088333	43230
124599	2010-08-22T00:22:55Z	30.4472400501	-97.7870857716	10516
2690	2010-08-22T00:22:56Z	33.6504753667	-117.7422804167	955590
106785	2010-08-22T00:22:56Z	38.587918366	-121.5515232659	104792
2028	2010-08-22T00:23:03Z	21.2780246167	-157.8139645167	32112
105136	2010-08-22T00:23:03Z	35.0085269062	-85.1531409535	595733
43781	2010-08-22T00:23:08Z	37.70013815	-121.9074402333	83508
134427	2010-08-22T00:23:10Z	30.0887947066	-95.6366729736	241604
105136	2010-08-22T00:23:11Z	35.008598719	-85.1530267505	786975
3157	2010-08-22T00:23:12Z	39.0548838	-95.7245805833	977280
48990	2010-08-22T00:23:13Z	26.354507145	-80.0852572918	212863
2631	2010-08-22T00:23:14Z	41.490294117	-72.813354033	1441091
105136	2010-08-22T00:23:19Z	35.0082550033	-85.1531067325	732811
129611	2010-08-22T00:23:19Z	54.5922630764	-5.9310829639	1025148
154602	2010-08-22T00:23:20Z	30.4833194671	-97.6730006933	21670
3370	2010-08-22T00:23:20Z	33.1332028747	-96.6608691216	11880
1827	2010-08-22T00:23:24Z	21.4023398833	-157.79830725	112273
105136	2010-08-22T00:23:29Z	35.0085124333	-85.1524123167	791519
4820	2010-08-22T00:23:32Z	33.5580615902	-117.6684236526	45360
11107	2010-08-22T00:23:37Z	29.5445122333	-95.13592	451611
10938	2010-08-22T00:23:38Z	37.6163560649	-122.3861503601	19542
2631	2010-08-22T00:23:38Z	41.4899214667	-72.80671945	607902
4820	2010-08-22T00:23:39Z	33.557845009	-117.66922448	1319879
125836	2010-08-22T00:23:39Z	36.0486835833	-95.9585987833	24902
28391	2010-08-22T00:23:41Z	37.7938849864	-122.4044018766	17795
105136	2010-08-22T00:23:42Z	35.0080651	-85.15256285	847938
133360	2010-08-22T00:23:43Z	19.259799655	-99.61972299	2236009
179246	2010-08-22T00:23:44Z	30.3911084712	-97.7471423149	12019
1564	2010-08-22T00:23:45Z	36.0615998518	-115.0392516389	387926
2662	2010-08-22T00:23:46Z	39.2685216667	-94.9293033333	971815
94697	2010-08-22T00:23:48Z	45.6462867667	-74.94891995	371355
4820	2010-08-22T00:23:50Z	33.557906997	-117.669327138	1346892
105136	2010-08-22T00:23:50Z	35.0203209833	-85.1604528667	1028663
48990	2010-08-22T00:23:51Z	26.3543440533	-80.0856361858	212899
43957	2010-08-22T00:23:51Z	35.340669664	-97.492457135	1584190
188755	2010-08-22T00:23:53Z	34.1065233333	-117.6492071333	839474
53180	2010-08-22T00:23:54Z	33.93951159	-84.508253095	2236004
10812	2010-08-22T00:23:55Z	30.1579483071	-97.7940273285	16411
105136	2010-08-22T00:23:58Z	35.0090526667	-85.1495154	779263
8720	2010-08-22T00:24:03Z	30.2860816989	-97.7419012785	10532
147725	2010-08-22T00:24:03Z	40.1889633114	-76.1963546276	2236024
115963	2010-08-22T00:24:06Z	29.750741591	-95.3621649742	11861
109083	2010-08-22T00:24:07Z	30.384537477	-97.7367353439	65565
105136	2010-08-22T00:24:07Z	35.0213102	-85.1592868	1562352
87	2010-08-22T00:24:08Z	37.3664565757	-121.9263339043	33472
78969	2010-08-22T00:24:12Z	34.8736640167	-82.3954624	92460
4820	2010-08-22T00:24:14Z	33.5586847	-117.66880655	125202
106854	2010-08-22T00:24:16Z	60.391829879	5.3197753429	476684
48990	2010-08-22T00:24:20Z	26.354733008	-80.085010591	1503172
105136	2010-08-22T00:24:21Z	35.0051504374	-85.1531785727	913742
16241	2010-08-22T00:24:25Z	32.4634320577	-86.4180573863	725430
4380	2010-08-22T00:24:27Z	37.9727473793	-122.5236403942	47816
105136	2010-08-22T00:24:29Z	35.022426	-85.15922	1058676
81299	2010-08-22T00:24:32Z	32.82160305	-96.6451822	682822
4820	2010-08-22T00:24:32Z	33.5569812833	-117.66867145	455643
165960	2010-08-22T00:24:37Z	59.8546332531	17.6010734136	511205
32337	2010-08-22T00:24:38Z	33.8702995667	-117.87114765	525382
4820	2010-08-22T00:24:40Z	33.5586847	-117.66880655	936993
173316	2010-08-22T00:24:40Z	55.5979108522	13.0105161667	144496
105136	2010-08-22T00:24:45Z	35.022032208	-85.161493034	1478405
4820	2010-08-22T00:24:46Z	33.5586110551	-117.6688198205	741263
2631	2010-08-22T00:24:50Z	41.4971265	-72.8106018	1178165
4820	2010-08-22T00:24:52Z	33.557683556	-117.66996317	1360979
2690	2010-08-22T00:24:54Z	33.6503866465	-117.7434504032	25344
72415	2010-08-22T00:24:54Z	35.2374305107	-81.0562410951	2236044
12175	2010-08-22T00:25:02Z	21.278430665	-157.827854025	2235859
149541	2010-08-22T00:25:04Z	35.2257793033	-80.8528518677	35906
116055	2010-08-22T00:25:06Z	30.384537477	-97.7367353439	65565
64650	2010-08-22T00:25:06Z	30.3887196667	-97.7417471	85880
105136	2010-08-22T00:25:06Z	35.005270726	-85.1524114609	1054358
67325	2010-08-22T00:25:06Z	39.0525984667	-94.4810485833	12374
2631	2010-08-22T00:25:09Z	41.4870281	-72.808342217	1200750
3490	2010-08-22T00:25:10Z	40.72455225	-73.9874842333	445422
2818	2010-08-22T00:25:14Z	33.4228188167	-111.9349261833	398389
634	2010-08-22T00:25:15Z	37.7930760333	-122.4127364	15280
26858	2010-08-22T00:25:17Z	41.5689353738	-93.8034152985	307989
105136	2010-08-22T00:25:20Z	35.0229904	-85.1569915333	709218
188755	2010-08-22T00:25:21Z	34.1071853297	-117.6511931419	939888
16738	2010-08-22T00:25:24Z	47.53673735	-122.3960950833	518273
92514	2010-08-22T00:25:25Z	38.9450825333	-92.3256149167	864896
39660	2010-08-22T00:25:26Z	32.538022	-94.756924	866835
10636	2010-08-22T00:25:36Z	39.7582215333	-75.5607644333	651591
2028	2010-08-22T00:25:38Z	21.2767779933	-157.8145265579	107018
23302	2010-08-22T00:25:38Z	38.9542695319	-94.7181987762	12572
125987	2010-08-22T00:25:41Z	41.764508	-72.293765	2234035
25998	2010-08-22T00:25:43Z	41.9103892667	-87.6760699833	23474
64650	2010-08-22T00:25:46Z	30.3892482768	-97.741574049	56314
728	2010-08-22T00:25:46Z	39.7439562405	-105.020070076	35859
69467	2010-08-22T00:25:50Z	37.94032795	-121.93315655	803763
19222	2010-08-22T00:25:51Z	41.9868252	-87.83608945	1457706
2690	2010-08-22T00:25:53Z	33.6503830667	-117.7426525833	1015884
2462	2010-08-22T00:25:56Z	32.8407961167	-97.1856468	27547
14812	2010-08-22T00:25:57Z	36.5971452333	-121.8520389	2236079
19222	2010-08-22T00:25:57Z	41.9892735578	-87.8353178501	1479669
82922	2010-08-22T00:26:00Z	43.740860994	-79.434868726	1584203
127766	2010-08-22T00:26:03Z	33.6235179	-111.9015717333	132898
68716	2010-08-22T00:26:04Z	13.4744590674	144.7524476051	238170
19222	2010-08-22T00:26:06Z	41.9864961833	-87.83598445	1248942
2690	2010-08-22T00:26:10Z	33.6505434167	-117.74413215	779044
7525	2010-08-22T00:26:12Z	37.7687074667	-122.4286856333	38788
19222	2010-08-22T00:26:14Z	41.9868409053	-87.8372228723	353893
16738	2010-08-22T00:26:15Z	47.5271800667	-122.39460005	485724
32509	2010-08-22T00:26:16Z	29.884326	-95.646467	1398739
158783	2010-08-22T00:26:16Z	37.4185169	-122.1098883833	32814
19200	2010-08-22T00:26:18Z	28.3687553057	-81.5529406071	555428
108579	2010-08-22T00:26:20Z	32.3554013	-88.6820454833	46713
19222	2010-08-22T00:26:21Z	41.9859541177	-87.8314179182	1242118
35669	2010-08-22T00:26:22Z	30.5254391217	-97.6327300072	30748
71747	2010-08-22T00:26:27Z	37.787759	-122.431518	1339551
120929	2010-08-22T00:26:28Z	33.50338865	-86.7572267833	21387
123667	2010-08-22T00:26:30Z	34.0503692	-84.28521096	925432
160489	2010-08-22T00:26:30Z	35.6687792667	-88.8450788	237869
19222	2010-08-22T00:26:31Z	41.9853426688	-87.8308534198	874053
10047	2010-08-22T00:26:35Z	59.34417539	18.37121593	536445
40926	2010-08-22T00:26:40Z	31.2311123429	121.5171287714	2101991
19222	2010-08-22T00:26:40Z	41.98727345	-87.8401065	988224
14858	2010-08-22T00:26:41Z	59.88949179	10.62650376	498460
83359	2010-08-22T00:26:42Z	32.8235033167	-96.7330061	893653
82541	2010-08-22T00:26:42Z	34.7510478167	-82.2632501	313019
48543	2010-08-22T00:26:44Z	13.919430882	100.54147025	2161519
14858	2010-08-22T00:26:46Z	59.8907154833	10.6212271	1070372
83359	2010-08-22T00:26:48Z	32.823500617	-96.732881067	1885868
19222	2010-08-22T00:26:48Z	41.9847265477	-87.8295006651	566691
32219	2010-08-22T00:26:49Z	36.9684799533	-86.4296242066	541197
49415	2010-08-22T00:26:50Z	44.9694814431	-93.2890534401	729337
31264	2010-08-22T00:26:50Z	50.9385763333	6.93423285	100444
23301	2010-08-22T00:26:54Z	42.1606542667	-88.0540586833	58156
145908	2010-08-22T00:26:55Z	50.910574338	4.61281776	2069285
35263	2010-08-22T00:27:02Z	-36.912636317	174.8708494	1594011
162442	2010-08-22T00:27:05Z	32.9449092667	-97.12865755	16570
3733	2010-08-22T00:27:06Z	30.2954083351	-97.7423626184	22865
14858	2010-08-22T00:27:06Z	59.8923647167	10.6215982333	660549
59604	2010-08-22T00:27:09Z	44.9570138	-93.1059053	1913321
49415	2010-08-22T00:27:09Z	44.9703057	-93.2891680667	17462
49922	2010-08-22T00:27:09Z	52.4059542667	12.5757392667	973306
83359	2010-08-22T00:27:13Z	32.8316518833	-96.7354094667	279920
134904	2010-08-22T00:27:13Z	32.9284071833	-97.086246	11603
89183	2010-08-22T00:27:13Z	36.0805634032	-115.0382065773	132950
2570	2010-08-22T00:27:13Z	36.35475975	-94.1709964167	710482
99719	2010-08-22T00:27:13Z	43.541352	-5.665658	1491308
12720	2010-08-22T00:27:16Z	38.9181185042	-77.0416840527	874257
8941	2010-08-22T00:27:19Z	41.9788471833	-87.8635157667	570667
46916	2010-08-22T00:27:19Z	51.1511804188	4.4523274899	907108
83359	2010-08-22T00:27:21Z	32.8258168	-96.7428436667	1005986
14858	2010-08-22T00:27:22Z	59.883083	10.629575	1572890
1695	2010-08-22T00:27:23Z	32.8534361667	-96.9522323667	402512
50450	2010-08-22T00:27:26Z	30.5567337833	-97.68785825	199840
14858	2010-08-22T00:27:28Z	59.8870872	10.6197052833	311747
11403	2010-08-22T00:27:29Z	40.7211312714	-73.9841969286	2236109
63016	2010-08-22T00:27:29Z	59.36471986	18.2360168	1492319
98643	2010-08-22T00:27:29Z	59.8614948	17.71169855	1157744
18733	2010-08-22T00:27:31Z	30.3751517	-86.256769367	1262056
83359	2010-08-22T00:27:31Z	32.8253232167	-96.74410565	496315
19723	2010-08-22T00:27:35Z	40.9237775333	-74.0738348333	259185
61343	2010-08-22T00:27:36Z	34.0845010167	-118.384377	781067
108636	2010-08-22T00:27:37Z	38.5234096833	-8.8974854667	515909
14858	2010-08-22T00:27:37Z	59.887878418	10.6230316162	1168940
20320	2010-08-22T00:27:39Z	37.7498066441	-122.4204068505	49331
177100	2010-08-22T00:27:40Z	51.1144924164	-1.037183404	2236124
1695	2010-08-22T00:27:43Z	32.8525901833	-96.9493528	318035
161570	2010-08-22T00:27:43Z	33.97766911	-84.21791613	1020282
14858	2010-08-22T00:27:43Z	59.8818159758	10.6104045789	1148477
95648	2010-08-22T00:27:45Z	32.7075916529	-117.1635997295	2194588
41442	2010-08-22T00:27:46Z	35.5324183096	-97.565073967	28462
98295	2010-08-22T00:27:46Z	43.242692465	-70.596767155	2236099
83359	2010-08-22T00:27:47Z	32.8266283333	-96.7304118	309379
14858	2010-08-22T00:27:49Z	59.883720924	10.61729908	1395924
28961	2010-08-22T00:27:53Z	29.586071	-98.4749854	309956
154066	2010-08-22T00:27:56Z	34.1399496167	-118.00779005	202904
7338	2010-08-22T00:27:56Z	41.6021829844	-93.7733691931	900397
14858	2010-08-22T00:27:56Z	59.8830872079	10.6182005286	1162861
108636	2010-08-22T00:27:57Z	38.5231366833	-8.8999298167	1015219
1695	2010-08-22T00:28:02Z	32.85633331	-96.95820224	905582
44471	2010-08-22T00:28:05Z	30.269235723	-97.794081427	2158536
15963	2010-08-22T00:28:05Z	31.6267426	-84.25418573	2236129
291	2010-08-22T00:28:07Z	28.0877609266	-82.4044494632	98817
83359	2010-08-22T00:28:09Z	32.8253245333	-96.7306709167	13356
108636	2010-08-22T00:28:12Z	38.5221426	-8.8998957	711234
2807	2010-08-22T00:28:14Z	35.13297617	-85.248708	505003
32376	2010-08-22T00:28:14Z	37.7628430333	-122.4216305333	56540
39051	2010-08-22T00:28:17Z	30.3708295162	-97.7561947703	380427
4690	2010-08-22T00:28:18Z	32.9399762	-96.7676585	329481
29753	2010-08-22T00:28:18Z	40.62868285	-74.31320577	525702
1695	2010-08-22T00:28:21Z	32.8541682167	-96.9573137167	212491
9403	2010-08-22T00:28:23Z	34.7532714567	-92.4147569436	299377
108636	2010-08-22T00:28:23Z	38.5236179777	-8.8954469562	542171
1450	2010-08-22T00:28:29Z	37.9292215333	-122.5144579333	119592
3072	2010-08-22T00:28:30Z	42.2401972	-87.9735409	651310
139245	2010-08-22T00:28:32Z	27.2672039699	-82.5537078801	135059
120636	2010-08-22T00:28:32Z	43.0222565912	-87.916871935	203156
7696	2010-08-22T00:28:34Z	37.751283184	-122.41387981	2204225
130107	2010-08-22T00:28:37Z	47.5626475	-122.32975785	561077
82575	2010-08-22T00:28:38Z	18.3940107621	-65.9970188141	75929
50450	2010-08-22T00:28:39Z	30.5558319333	-97.68741835	623097
13006	2010-08-22T00:28:41Z	41.515701767	-8.7793866	2236114
1695	2010-08-22T00:28:42Z	32.85210663	-96.95551884	213219
108636	2010-08-22T00:28:42Z	38.5225909987	-8.899949044	816717
48933	2010-08-22T00:28:46Z	38.8335014514	-104.8251211142	172557
20210	2010-08-22T00:28:49Z	28.4721903188	-81.3970506191	256861
41570	2010-08-22T00:28:49Z	33.7141416115	-78.9255847008	174158
101112	2010-08-22T00:28:50Z	55.6060085293	13.0013859272	1577680
291	2010-08-22T00:28:58Z	28.0880345652	-82.4039196968	881060
137925	2010-08-22T00:28:58Z	29.4804843	-95.0364143667	1084329
1695	2010-08-22T00:28:59Z	32.85369045	-96.9592142167	414236
3303	2010-08-22T00:29:02Z	34.1680422513	-118.1852561039	33102
189930	2010-08-22T00:29:04Z	38.9583409248	-77.3592317104	573218
38095	2010-08-22T00:29:05Z	30.4678008667	-97.7946556167	146134
18582	2010-08-22T00:29:07Z	34.1403794289	-118.1476378441	2015661
175231	2010-08-22T00:29:07Z	37.7970779779	-122.4057768104	42565
69176	2010-08-22T00:29:10Z	30.4703327865	-97.8073954582	10515
24889	2010-08-22T00:29:10Z	32.9792213333	-96.7687240667	92466
4678	2010-08-22T00:29:11Z	32.9390796875	-97.1310067177	33065
12835	2010-08-22T00:29:16Z	35.9095931431	139.6642327309	1882735
109794	2010-08-22T00:29:19Z	51.458694483	6.659533433	1331206
121717	2010-08-22T00:29:23Z	42.6750053923	-87.9547297955	125935
3384	2010-08-22T00:29:25Z	44.9496713167	-93.2880046667	626810
3236	2010-08-22T00:29:25Z	45.50775145	-73.547223133	2236104
49365	2010-08-22T00:29:27Z	32.940099	-97.115691	8961
16717	2010-08-22T00:29:28Z	37.751283184	-122.41387981	2204225
112062	2010-08-22T00:29:29Z	30.5578398333	-97.8442609833	638807
3384	2010-08-22T00:29:35Z	44.9493707569	-93.2882487774	310496
2578	2010-08-22T00:29:40Z	40.6438845363	-73.7828063965	23261
28366	2010-08-22T00:29:40Z	47.6463231828	9.1656982899	149979
54494	2010-08-22T00:29:41Z	38.8968196241	-77.0365726948	877475
1192	2010-08-22T00:29:44Z	32.9449619	-97.1291961	36297
48457	2010-08-22T00:29:45Z	21.6139161805	39.1539591551	865402
14257	2010-08-22T00:29:47Z	59.91521984	10.74096918	1117313
2854	2010-08-22T00:29:50Z	30.2724370667	-97.7557640667	92535
134999	2010-08-22T00:29:52Z	32.7075916529	-117.1635997295	2194588
3384	2010-08-22T00:29:52Z	44.949011251	-93.288235035	1523509
12544	2010-08-22T00:29:59Z	49.8928978588	10.8874726295	397263
136424	2010-08-22T00:30:02Z	-27.4299420167	153.0574293833	453700
33320	2010-08-22T00:30:03Z	42.3726303919	-71.1195766926	10222
37182	2010-08-22T00:30:04Z	34.0984135073	-118.3289435184	746228
4796	2010-08-22T00:30:05Z	49.284603673	-123.1245303154	24712
46726	2010-08-22T00:30:06Z	45.782662475	-108.50637981	1233015
182330	2010-08-22T00:30:12Z	50.1416127167	10.5272619167	935931
33669	2010-08-22T00:30:13Z	42.0485068308	-87.6847342654	749147
3164	2010-08-22T00:30:18Z	29.1940598333	-94.9529817333	1015848
3502	2010-08-22T00:30:21Z	38.91792533	-77.2195529938	594544
136025	2010-08-22T00:30:23Z	51.4778749289	7.2264075279	186459
95667	2010-08-22T00:30:24Z	32.84486925	-96.77413368	390044
3384	2010-08-22T00:30:24Z	44.9494922469	-93.2883775234	98671
41067	2010-08-22T00:30:25Z	47.5951088932	-122.3316693306	9321
134440	2010-08-22T00:30:26Z	32.7752325568	-96.7561948299	21247
3287	2010-08-22T00:30:37Z	30.5560340992	-97.6869750023	565756
18582	2010-08-22T00:30:39Z	34.14079205	-118.1472056333	528388
100175	2010-08-22T00:30:44Z	31.5617167	-110.25501625	1033635
4398	2010-08-22T00:30:44Z	40.6223650735	-111.4908349514	440101
49415	2010-08-22T00:30:53Z	44.95770945	-93.2950463667	440884
95648	2010-08-22T00:30:54Z	32.7075916529	-117.1635997295	2196850
24614	2010-08-22T00:30:55Z	35.517885183	-97.47445905	1297316
12175	2010-08-22T00:30:57Z	21.2778877162	-157.8280985355	255977
18512	2010-08-22T00:31:00Z	40.2878247724	-74.0551257133	47494
201	2010-08-22T00:31:03Z	37.7551886013	-122.4226106566	139865
33320	2010-08-22T00:31:04Z	42.3726085948	-71.1194828153	520870
12544	2010-08-22T00:31:06Z	49.8932625	10.88741945	617384
86627	2010-08-22T00:31:08Z	30.4476377687	-97.9475784302	517733
85278	2010-08-22T00:31:08Z	38.6291024	-90.1938171833	558995
103270	2010-08-22T00:31:08Z	41.4698637333	-87.3145803	723665
18703	2010-08-22T00:31:10Z	38.90132335	-90.00833275	2236154
673	2010-08-22T00:31:11Z	37.7767146635	-122.4236020446	74038
19464	2010-08-22T00:31:14Z	35.9165474	-86.8735108	659458
108636	2010-08-22T00:31:18Z	38.5196328163	-8.9016669989	1052963
77924	2010-08-22T00:31:18Z	38.6276436735	-90.2521623644	780417
12876	2010-08-22T00:31:19Z	29.6536465688	-82.323957129	286939
96862	2010-08-22T00:31:20Z	24.73742538	46.77521669	1183466
65535	2010-08-22T00:31:23Z	33.82322585	-116.5456307333	299079
28412	2010-08-22T00:31:23Z	44.6431692546	-85.7665614851	2236184
109100	2010-08-22T00:31:24Z	18.2152730227	-67.1486145258	897780
5745	2010-08-22T00:31:24Z	32.8377518678	-96.7827755213	38718
51273	2010-08-22T00:31:24Z	38.91288505	-77.0454427	1092413
26593	2010-08-22T00:31:28Z	40.0095052036	-82.9912161827	36364
47801	2010-08-22T00:31:33Z	49.80269215	9.9214101167	161185
5734	2010-08-22T00:31:35Z	30.2841460667	-97.71858215	9422
2171	2010-08-22T00:31:37Z	34.0837620114	-118.357132554	129751
8741	2010-08-22T00:31:39Z	30.2557309927	-97.7633857727	316637
41836	2010-08-22T00:31:39Z	41.773148761	-88.1484707211	396023
5740	2010-08-22T00:31:41Z	30.23230575	-97.8161316167	56872
291	2010-08-22T00:31:42Z	28.0821702	-82.4035946	681766
695	2010-08-22T00:31:42Z	39.6101682223	-105.0835633278	689297
38017	2010-08-22T00:31:47Z	47.300118533	-122.577556017	1375129
133	2010-08-22T00:31:48Z	37.7615082532	-122.4257665873	13338
12544	2010-08-22T00:31:48Z	49.8928490833	10.8884913167	522860
5423	2010-08-22T00:31:51Z	38.2415466309	-85.7255477905	87957
29817	2010-08-22T00:31:51Z	42.26069245	-85.1967982	1108460
55206	2010-08-22T00:31:56Z	47.6209151667	-122.3521399333	11467
1202	2010-08-22T00:31:58Z	39.9296858727	-75.1636876134	779146
103670	2010-08-22T00:31:59Z	56.1549143167	10.2099779833	954426
12876	2010-08-22T00:32:05Z	29.653976435	-82.323419442	1577498
33705	2010-08-22T00:32:06Z	40.7639033125	-73.9820435643	285865
93558	2010-08-22T00:32:11Z	28.369708217	-80.606861633	2236179
55206	2010-08-22T00:32:13Z	47.621371	-122.35308685	17346
125140	2010-08-22T00:32:14Z	40.4774363	-88.95798265	819655
85237	2010-08-22T00:32:20Z	32.9768627667	-117.2569097	1065742
134903	2010-08-22T00:32:21Z	32.8805958833	-97.1042392833	29048
109218	2010-08-22T00:32:22Z	58.985162383	17.90002465	1564143
12876	2010-08-22T00:32:25Z	29.6538080131	-82.3262536526	37314
37583	2010-08-22T00:32:26Z	30.131826522	-98.0130377412	11352
31691	2010-08-22T00:32:31Z	32.7692455833	-96.8371891	49288
6266	2010-08-22T00:32:31Z	39.7594349	-104.9975282	2236209
48990	2010-08-22T00:32:35Z	26.3505728911	-80.0837241159	221136
908	2010-08-22T00:32:36Z	39.8835281145	-105.0230526924	1256163
195793	2010-08-22T00:32:39Z	41.273652183	-72.8139106	1343900
103159	2010-08-22T00:32:39Z	59.9167846187	10.7603573799	769875
72849	2010-08-22T00:32:40Z	49.2815172633	-123.1170845032	454046
38349	2010-08-22T00:32:43Z	21.2837361174	-157.7095127106	81204
71225	2010-08-22T00:32:43Z	47.4581567273	-122.2583055496	15561
20210	2010-08-22T00:32:44Z	28.4786316104	-81.3712102175	846665
103760	2010-08-22T00:32:44Z	64.39046201	14.38730731	1496154
129655	2010-08-22T00:32:51Z	37.8398445833	-122.29956885	50515
1529	2010-08-22T00:32:55Z	38.3227171333	-76.5459402	1351778
10828	2010-08-22T00:32:58Z	30.4018524827	-97.7264034748	14810
71225	2010-08-22T00:32:58Z	47.457502792	-122.258343274	1509140
11138	2010-08-22T00:33:04Z	29.5080726	-98.6294117	37237
865	2010-08-22T00:33:04Z	34.1063665667	-118.28759835	35863
17477	2010-08-22T00:33:04Z	-37.8706054688	144.720413208	623523
174194	2010-08-22T00:33:04Z	43.9543407	11.3883542	1951083
36583	2010-08-22T00:33:05Z	33.4357390069	-112.0011520386	23524
2875	2010-08-22T00:33:05Z	37.126071311	-93.046736961	2236219
58033	2010-08-22T00:33:06Z	33.01097325	-96.6152432333	145747
71225	2010-08-22T00:33:15Z	47.4595567445	-122.2591745853	218809
10154	2010-08-22T00:33:21Z	35.04268079	-89.66453343	1530514
32376	2010-08-22T00:33:22Z	37.7629713667	-122.4212633333	52160
121690	2010-08-22T00:33:22Z	40.2964092619	-74.6810245514	847328
10392	2010-08-22T00:33:22Z	45.5330859608	-122.5482523441	1421958
3339	2010-08-22T00:33:25Z	30.4508842016	-84.3291985989	2236224
3440	2010-08-22T00:33:25Z	35.50431621	-115.43537408	894676
25322	2010-08-22T00:33:25Z	37.7873528335	-122.4335416624	99464
5812	2010-08-22T00:33:26Z	30.5564794	-97.6877503833	199852
11212	2010-08-22T00:33:29Z	29.5179029624	-98.4492588043	717269
53706	2010-08-22T00:33:30Z	18.367381113	-66.0634678602	41532
34611	2010-08-22T00:33:33Z	39.3533229237	-74.4337356091	56559
161570	2010-08-22T00:33:39Z	33.9811104333	-84.2176526333	278316
128641	2010-08-22T00:33:41Z	40.2736976815	-111.6867005825	67227
12876	2010-08-22T00:33:42Z	29.6516040918	-82.3250964564	57280
668	2010-08-22T00:33:42Z	34.14226205	-118.2365913833	1158180
3068	2010-08-22T00:33:46Z	47.616036838	-122.355232207	2217601
22851	2010-08-22T00:33:47Z	30.1723008667	-81.6024826	759950
4057	2010-08-22T00:33:55Z	30.5273336844	-97.6305413246	10741
2252	2010-08-22T00:33:57Z	35.96125358	-86.81216073	1583310
32389	2010-08-22T00:34:00Z	29.7482265833	-95.3882569833	116839
57809	2010-08-22T00:34:00Z	32.937203483	-117.0347008	1375708
9797	2010-08-22T00:34:01Z	30.2696681866	-97.7558219433	717105
99565	2010-08-22T00:34:04Z	36.1263957	-97.0512559	238329
29286	2010-08-22T00:34:05Z	41.7057765743	-87.7667713165	1140963
3667	2010-08-22T00:34:07Z	30.2309080333	-97.8000162833	109723
161570	2010-08-22T00:34:07Z	33.9825888167	-84.2163912833	278476
10275	2010-08-22T00:34:09Z	30.2148207701	-97.7660357952	2236254
125560	2010-08-22T00:34:15Z	32.8950569833	-96.80215785	99035
83686	2010-08-22T00:34:21Z	39.7580929072	-104.9018417256	518097
97440	2010-08-22T00:34:22Z	30.8559976833	-102.0699844667	766743
38894	2010-08-22T00:34:23Z	48.381353033	-122.2219561	2236259
3642	2010-08-22T00:34:28Z	35.0646383457	-106.5781009197	381137
67846	2010-08-22T00:34:28Z	42.206955119	-84.555899402	2236274
1620	2010-08-22T00:34:36Z	44.4769505427	-73.2140391987	481955
141196	2010-08-22T00:34:39Z	35.450457567	-92.394789517	2236239
6566	2010-08-22T00:34:40Z	37.751283184	-122.41387981	2204225
162361	2010-08-22T00:34:46Z	33.81062358	-117.91917908	624446
11970	2010-08-22T00:34:52Z	34.0488395233	-118.2552481367	166724
141926	2010-08-22T00:34:56Z	13.732396	100.545627	1298175
69822	2010-08-22T00:34:57Z	26.1021082667	-97.16865555	658409
9195	2010-08-22T00:35:00Z	40.755328402	-73.971088475	2236244
32147	2010-08-22T00:35:01Z	47.1781768053	-122.6781785488	749181
2571	2010-08-22T00:35:02Z	44.9676824729	-93.347890377	129757
19031	2010-08-22T00:35:14Z	45.5303126654	-122.6663661003	79266
3667	2010-08-22T00:35:17Z	30.2308452	-97.7998208833	11665
18217	2010-08-22T00:35:18Z	30.37039725	-97.6644288	1225683
34611	2010-08-22T00:35:18Z	39.3533395158	-74.4340145588	2236279
167542	2010-08-22T00:35:19Z	38.907531888	-76.8644714355	35716
21105	2010-08-22T00:35:20Z	42.48040695	-88.9971211167	847788
155589	2010-08-22T00:35:21Z	33.210930025	-117.224154089	2236264
9497	2010-08-22T00:35:21Z	43.6145079337	-79.6895953592	408775
148227	2010-08-22T00:35:22Z	36.428219883	-99.396096433	1524729
19031	2010-08-22T00:35:22Z	45.5275467495	-122.6691770554	64571
114505	2010-08-22T00:35:23Z	38.34030622	-75.08105283	988002
33225	2010-08-22T00:35:25Z	37.6552327996	-122.4108508229	383705
50399	2010-08-22T00:35:26Z	30.4616123843	-97.8149539232	2144948
23879	2010-08-22T00:35:27Z	51.323797376	0.936697699	2236294
77858	2010-08-22T00:35:28Z	30.5665307	-97.6897916833	175190
1630	2010-08-22T00:35:32Z	34.7480021167	-92.4098853333	346766
12035	2010-08-22T00:35:34Z	30.4843463333	-97.6834455	143921
126198	2010-08-22T00:35:34Z	59.3443508532	17.9593420029	470328
825	2010-08-22T00:35:36Z	29.7501483224	-95.4996069031	22567
32633	2010-08-22T00:35:37Z	41.7918809	-87.5796986	1400997
11495	2010-08-22T00:35:37Z	47.6272665102	-122.3421621323	1132190
33780	2010-08-22T00:35:45Z	39.6177134333	-106.3861824167	677726
4874	2010-08-22T00:35:48Z	48.5240986	-116.8226055	914825
38315	2010-08-22T00:35:51Z	34.07891975	-118.1023248167	104866
131423	2010-08-22T00:35:54Z	37.4136177167	-121.8969285333	340835
186691	2010-08-22T00:35:57Z	57.78100216	14.178861924	1489231
167832	2010-08-22T00:36:07Z	33.0155521631	-97.0300000906	1918920
18217	2010-08-22T00:36:08Z	30.373967717	-97.6520379	1176887
